-8460.000000
-10444.000000
-11216.000000
-11764.000000
-12000.000000
-12456.000000
-12772.000000
-12828.000000
-13024.000000
-13092.000000
-12812.000000
-12784.000000
-12848.000000
-12964.000000
-12748.000000
-12852.000000
-12924.000000
-13020.000000
-13084.000000
-13348.000000
-13516.000000
-13396.000000
-13328.000000
-13316.000000
-13076.000000
-12996.000000
-13060.000000
-13132.000000
-13148.000000
-12928.000000
-13448.000000
-13860.000000
-13808.000000
-13468.000000
-13452.000000
-13164.000000
-13004.000000
-13176.000000
-13068.000000
-12944.000000
-13144.000000
-13020.000000
-13264.000000
-13152.000000
-12988.000000
-13108.000000
-13480.000000
-13544.000000
-13532.000000
-13552.000000
-13476.000000
-13580.000000
-13552.000000
-13672.000000
-13492.000000
-13464.000000
-13716.000000
-13576.000000
-13660.000000
-13580.000000
-13400.000000
-13132.000000
-13424.000000
-13600.000000
-13604.000000
-13568.000000
-13608.000000
-13808.000000
-13860.000000
-13820.000000
-13988.000000
-13836.000000
-13660.000000
-13480.000000
-13940.000000
-14076.000000
-13968.000000
-13720.000000
-13784.000000
-13704.000000
-13720.000000
-13964.000000
-14012.000000
-13884.000000
-13908.000000
-13904.000000
-13976.000000
-13996.000000
-13964.000000
-14072.000000
-13716.000000
-13888.000000
-14180.000000
-14380.000000
-14188.000000
-14224.000000
-14340.000000
-13936.000000
-13932.000000
-13988.000000
-13788.000000
-13664.000000
-13872.000000
-13928.000000
-13672.000000
-13648.000000
-13596.000000
-13812.000000
-13912.000000
-13740.000000
-13832.000000
-13784.000000
-13988.000000
-14200.000000
-14164.000000
-14140.000000
-13932.000000
-14116.000000
-14060.000000
-13796.000000
-13740.000000
-13820.000000
-13980.000000
-13964.000000
-13652.000000
-13808.000000
-13748.000000
-13308.000000
-13416.000000
-13592.000000
-13564.000000
-13708.000000
-13740.000000
-13924.000000
-13788.000000
-14068.000000
-13844.000000
-13844.000000
-13692.000000
-13908.000000
-13984.000000
-14096.000000
-14052.000000
-13964.000000
-14252.000000
-14188.000000
-14364.000000
-13936.000000
-13964.000000
-14104.000000
-14100.000000
-14228.000000
-14128.000000
-14324.000000
-14316.000000
-13948.000000
-13952.000000
-14208.000000
-13944.000000
-13784.000000
-13844.000000
-13880.000000
-13820.000000
-13976.000000
-14140.000000
-13952.000000
-14196.000000
-13964.000000
-13956.000000
-14052.000000
-13980.000000
-13776.000000
-13812.000000
-14104.000000
-14280.000000
-14316.000000
-14460.000000
-14424.000000
-14668.000000
-14388.000000
-14772.000000
-14260.000000
-14432.000000
-14484.000000
-14500.000000
-14048.000000
-13956.000000
-14096.000000
-14240.000000
-14140.000000
-14208.000000
-14156.000000
-14020.000000
-14140.000000
-14236.000000
-14192.000000
-13996.000000
-14456.000000
-14468.000000
-14544.000000
-14172.000000
-14280.000000
-14556.000000
-14344.000000
-14428.000000
-14592.000000
-14508.000000
-14704.000000
-14804.000000
-14808.000000
-14572.000000
-14440.000000
-14612.000000
-14520.000000
-14464.000000
-14220.000000
-14116.000000
-14152.000000
-13980.000000
-14040.000000
-14120.000000
-14068.000000
-14104.000000
-14064.000000
-14232.000000
-13940.000000
-14284.000000
-14024.000000
-14240.000000
-14452.000000
-14208.000000
-14036.000000
-14176.000000
-14136.000000
-14072.000000
-13904.000000
-13848.000000
-13704.000000
-13688.000000
-13836.000000
-13680.000000
-13836.000000
-13464.000000
-13436.000000
-13612.000000
-13284.000000
-13384.000000
-13696.000000
-13676.000000
-13780.000000
-13904.000000
-13672.000000
-13704.000000
-13864.000000
-14108.000000
-13904.000000
-13808.000000
-13752.000000
-13724.000000
-13712.000000
-14100.000000
-14128.000000
-13624.000000
-13776.000000
-13952.000000
-13788.000000
-13956.000000
-13792.000000
-14084.000000
-13952.000000
-13524.000000
-13956.000000
-13924.000000
-13912.000000
-13820.000000
-13820.000000
-13884.000000
-13936.000000
-14028.000000
-13828.000000
-13676.000000
-13672.000000
-13932.000000
-14032.000000
-14128.000000
-13956.000000
-13984.000000
-13972.000000
-14080.000000
-14112.000000
-13936.000000
-14008.000000
-14140.000000
-14140.000000
-13684.000000
-13624.000000
-13716.000000
-14268.000000
-14188.000000
-13852.000000
-13752.000000
-13936.000000
-13800.000000
-13740.000000
-13920.000000
-14032.000000
-14044.000000
-14164.000000
-13840.000000
-13940.000000
-14124.000000
-13920.000000
-14080.000000
-13996.000000
-13900.000000
-14032.000000
-14472.000000
-14204.000000
-14224.000000
-13832.000000
-14000.000000
-13864.000000
-14032.000000
-14024.000000
-13992.000000
-14148.000000
-14012.000000
-14056.000000
-14188.000000
-14272.000000
-14468.000000
-14336.000000
-14100.000000
-14520.000000
-14660.000000
-14496.000000
-14064.000000
-14124.000000
-14396.000000
-14408.000000
-14216.000000
-14120.000000
-14084.000000
-13996.000000
-13764.000000
-13640.000000
-13872.000000
-14068.000000
-13980.000000
-14252.000000
-14012.000000
-13888.000000
-13700.000000
-14240.000000
-13988.000000
-14096.000000
-13904.000000
-14140.000000
-14396.000000
-14312.000000
-14392.000000
-14324.000000
-14116.000000
-14052.000000
-13720.000000
-13740.000000
-13940.000000
-13944.000000
-14264.000000
-14028.000000
-14180.000000
-14092.000000
-14308.000000
-14396.000000
-14260.000000
-14200.000000
-14284.000000
-14284.000000
-14020.000000
-14648.000000
-14300.000000
-14420.000000
-14628.000000
-14668.000000
-14524.000000
-14588.000000
-14576.000000
-14364.000000
-14520.000000
-14592.000000
-14584.000000
-14504.000000
-14304.000000
-14860.000000
-14796.000000
-14536.000000
-14328.000000
-14228.000000
-14316.000000
-14540.000000
-14480.000000
-14560.000000
-14232.000000
-14020.000000
-14032.000000
-14404.000000
-14424.000000
-14604.000000
-14472.000000
-14380.000000
-14504.000000
-14476.000000
-14460.000000
-14212.000000
-14224.000000
-14524.000000
-14692.000000
-14672.000000
-14680.000000
-14768.000000
-14800.000000
-14336.000000
-14016.000000
-13964.000000
-14116.000000
-14216.000000
-13952.000000
-14056.000000
-14280.000000
-14100.000000
-14168.000000
-14044.000000
-13816.000000
-13876.000000
-14048.000000
-14160.000000
-14196.000000
-14292.000000
-14104.000000
-14332.000000
-14104.000000
-14132.000000
-14160.000000
-14376.000000
-14428.000000
-14420.000000
-14384.000000
-14192.000000
-14100.000000
-13944.000000
-13908.000000
-13800.000000
-14360.000000
-14340.000000
-13836.000000
-13680.000000
-13992.000000
-13892.000000
-14036.000000
-14156.000000
-14132.000000
-14160.000000
-13904.000000
-13936.000000
-14308.000000
-14312.000000
-14524.000000
-14552.000000
-14512.000000
-14376.000000
-14100.000000
-13980.000000
-13736.000000
-14068.000000
-14216.000000
-14248.000000
-14392.000000
-14168.000000
-14216.000000
-14112.000000
-14008.000000
-13512.000000
-13684.000000
-13932.000000
-13680.000000
-13692.000000
-14008.000000
-14216.000000
-14332.000000
-14544.000000
-14724.000000
-14448.000000
-14328.000000
-14436.000000
-14476.000000
-14252.000000
-13984.000000
-14092.000000
-14228.000000
-14108.000000
