0.015200
0.035400
0.035600
0.039000
0.040400
0.054800
0.047200
0.045400
0.028000
0.034800
0.039400
0.028200
0.024200
0.015400
0.001600
0.023600
0.036400
0.026000
0.011400
0.016400
0.054000
0.062400
0.075800
0.090200
0.089600
0.090200
0.096200
0.099800
0.093400
0.100600
0.107000
0.108400
0.116600
0.123200
0.134200
0.137400
0.134400
0.127800
0.117200
0.122800
0.147600
0.143800
0.160000
0.179800
0.190200
0.198400
0.212200
0.215200
0.207600
0.204800
0.217200
0.233200
0.263400
0.274200
0.272600
0.288800
0.301200
0.312400
0.334000
0.331400
0.322200
0.309400
0.305200
0.322400
0.323000
0.322400
0.339000
0.346400
0.367800
0.372800
0.374200
0.372600
0.360000
0.361200
0.388200
0.402400
0.416200
0.435400
0.427800
0.425000
0.423600
0.434800
0.449400
0.452600
0.439400
0.435600
0.441800
0.459600
0.461600
0.457400
0.455800
0.474400
0.478000
0.490200
0.501400
0.505200
0.504600
0.483800
0.474800
0.490800
0.486800
0.476800
0.496200
0.492000
0.463400
0.457200
0.452400
0.448000
0.432400
0.442000
0.428800
0.424800
0.429000
0.423600
0.423200
0.425200
0.417400
0.424800
0.395600
0.374000
0.355400
0.345400
0.341800
0.351200
0.359800
0.368200
0.369000
0.370800
0.354600
0.352800
0.357600
0.364200
0.362400
0.379400
0.392400
0.390600
0.371000
0.372000
0.372800
0.376800
0.384800
0.386400
0.376200
0.354000
0.353400
0.356400
0.354600
0.346800
0.336200
0.335600
0.342400
0.338400
0.337600
0.344400
0.373000
0.365800
0.365800
0.373000
0.364400
0.347000
0.340200
0.344000
0.335800
0.343400
0.349400
0.345000
0.330800
0.311600
0.319800
0.323800
0.314600
0.314400
0.317200
0.342000
0.358600
0.376400
0.388000
0.402600
0.415400
0.412800
0.432600
0.427600
0.417400
0.425800
0.422600
0.424000
0.436400
0.443200
0.457400
0.473200
0.467600
0.466600
0.473000
0.478800
0.468600
0.468600
0.484000
0.500000
0.484400
0.477600
0.460800
0.470200
0.482200
0.476800
0.480600
0.466200
0.458800
0.455200
0.452200
0.454400
0.459400
0.456000
0.444200
0.440600
0.439200
0.423600
0.417200
0.416800
0.419800
0.418200
0.425800
0.421000
0.405200
0.396600
0.411800
0.430400
0.439800
0.441600
0.422800
0.403600
0.399400
0.393800
0.410600
0.427200
0.429600
0.421200
0.400400
0.385000
0.388400
0.371400
0.365400
0.371200
0.364200
0.341400
0.321600
0.336000
0.339400
0.320800
0.304400
0.308000
0.316800
0.296800
0.279600
0.282600
0.303400
0.321600
0.321400
0.310000
0.326400
0.342800
0.343400
0.325400
0.330200
0.312600
0.303000
0.293600
0.294000
0.315000
0.306200
0.291000
0.262400
0.250600
0.224200
0.206800
0.206800
0.196600
0.181200
0.181600
0.197800
0.188600
0.174800
0.174600
0.183800
0.183000
0.176800
0.175800
0.189200
0.181600
0.174000
0.184800
0.187800
0.204000
0.213400
0.233000
0.240200
0.232000
0.231000
0.236600
0.222400
0.221400
0.207600
0.204600
0.229600
0.247400
0.261800
0.272800
0.276000
0.267000
0.249800
0.258800
0.267600
0.253600
0.280600
0.286000
0.283600
0.256800
0.264000
0.278200
0.289600
0.278000
0.254200
0.267600
0.255600
0.234600
0.237400
0.236200
0.226200
0.220800
0.219600
0.236200
0.236600
0.232200
0.220800
0.233400
0.236600
0.246800
0.229600
0.250400
0.251200
0.254800
0.246800
0.261000
0.255400
0.255800
0.253800
0.241400
0.233000
0.229000
0.220600
0.223600
0.220400
0.218600
0.219400
0.219600
0.213400
0.213200
0.214400
0.224800
0.223200
0.219000
0.212600
0.206600
0.211600
0.213000
0.205600
0.192400
0.184800
0.189200
0.173800
0.167600
0.148600
0.156600
0.165400
0.191000
0.196400
0.198800
0.199800
0.193800
0.176000
0.177600
0.188400
0.192000
0.197000
0.201400
0.212400
0.212000
0.231800
0.228000
0.224800
0.234600
0.224800
0.216200
0.198800
0.210600
0.210800
0.207800
0.168400
0.164400
0.168000
0.176200
0.187400
0.206600
0.215400
0.218200
0.215000
0.227200
0.233600
0.234400
0.227200
0.228200
0.229600
0.270800
0.288400
0.300600
0.316800
0.319800
0.337200
0.347000
0.353400
0.353800
0.359400
0.359200
0.354000
0.344800
0.335400
0.352800
0.349600
0.367200
0.362200
0.360800
0.355800
0.351800
0.336400
0.327200
0.332400
0.323400
0.329200
0.326000
0.322400
0.326200
0.321200
0.313400
0.324000
0.348600
0.349800
0.349000
0.356600
0.370200
0.361400
0.352000
0.345400
0.323600
0.322400
0.304400
0.290000
0.288200
0.299400
0.329000
0.326200
0.314000
0.309200
0.319800
0.313400
0.300000
0.310400
0.311800
0.315600
0.330200
0.342800
0.352200
0.341800
0.341000
0.350600
0.374400
0.383200
0.381000
0.373200
0.374200
0.372000
0.360800
0.349200
0.344000
0.343200
0.334800
0.330600
0.328800
0.333400
0.339400
0.354200
0.366400
0.364800
0.338800
0.326000
0.320600
0.322000
0.314400
0.311400
0.312600
0.308600
0.313400
